3781	5641
4685	5602
5589	5565
6493	5529
7397	5494
8302	5461
9206	5428
10111	5397
11016	5367
11921	5338
12826	5311
13732	5284
14637	5259
15543	5235
16449	5212
17355	5191
18261	5170
19167	5151
20073	5133
20980	5117
21886	5101
22793	5087
23699	5074
24606	5062
25513	5052
26420	5042
27326	5034
28233	5028
29140	5022
30047	5018
30954	5015
31861	5013
32768	5012
33675	5013
34582	5015
35489	5018
36396	5022
37303	5028
38210	5034
39116	5042
40023	5052
40930	5062
41837	5074
42743	5087
43650	5101
44556	5117
45463	5133
46369	5151
47275	5170
48181	5191
49087	5212
49993	5235
50899	5259
51804	5284
52710	5311
53615	5338
54520	5367
55425	5397
56330	5428
57234	5461
58139	5494
59043	5529
59947	5565
60851	5602
61755	5641
3860	6486
4762	6449
5663	6413
6565	6379
7467	6345
8369	6313
9271	6281
10174	6251
11076	6222
11979	6194
12882	6168
13785	6142
14688	6118
15591	6095
16495	6073
17398	6052
18302	6032
19205	6014
20109	5996
21013	5980
21917	5965
22821	5952
23725	5939
24629	5928
25533	5918
26437	5909
27342	5901
28246	5894
29150	5889
30055	5885
30959	5882
31864	5880
32768	5880
33672	5880
34577	5882
35481	5885
36386	5889
37290	5894
38194	5901
39099	5909
40003	5918
40907	5928
41811	5939
42715	5952
43619	5965
44523	5980
45427	5996
46331	6014
47234	6032
48138	6052
49041	6073
49945	6095
50848	6118
51751	6142
52654	6168
53557	6194
54460	6222
55362	6251
56265	6281
57167	6313
58069	6345
58971	6379
59873	6413
60774	6449
61676	6486
3937	7332
4836	7297
5735	7262
6635	7228
7534	7196
8434	7165
9334	7134
10234	7105
11135	7077
12035	7051
12935	7025
13836	7000
14737	6977
15638	6954
16539	6933
17440	6913
18341	6894
19242	6876
20143	6860
21045	6844
21946	6830
22848	6817
23749	6804
24651	6794
25553	6784
26455	6775
27357	6768
28258	6761
29160	6756
30062	6752
30964	6749
31866	6747
32768	6747
33670	6747
34572	6749
35474	6752
36376	6756
37278	6761
38179	6768
39081	6775
39983	6784
40885	6794
41787	6804
42688	6817
43590	6830
44491	6844
45393	6860
46294	6876
47195	6894
48096	6913
48997	6933
49898	6954
50799	6977
51700	7000
52601	7025
53501	7051
54401	7077
55302	7105
56202	7134
57102	7165
58002	7196
58901	7228
59801	7262
60700	7297
61599	7332
4010	8179
4907	8144
5804	8111
6702	8078
7599	8047
8497	8017
9394	7988
10292	7960
11190	7933
12088	7907
12987	7882
13885	7858
14784	7836
15682	7814
16581	7794
17480	7774
18378	7756
19277	7739
20176	7723
21075	7708
21975	7694
22874	7681
23773	7670
24672	7659
25572	7650
26471	7641
27371	7634
28270	7628
29170	7623
30069	7619
30969	7616
31868	7615
32768	7614
33668	7615
34567	7616
35467	7619
36366	7623
37266	7628
38165	7634
39065	7641
39964	7650
40864	7659
41763	7670
42662	7681
43561	7694
44461	7708
45360	7723
46259	7739
47158	7756
48056	7774
48955	7794
49854	7814
50752	7836
51651	7858
52549	7882
53448	7907
54346	7933
55244	7960
56142	7988
57039	8017
57937	8047
58834	8078
59732	8111
60629	8144
61526	8179
4081	9025
4976	8992
5871	8960
6766	8928
7661	8898
8557	8869
9452	8841
10348	8814
11244	8788
12140	8763
13036	8739
13932	8717
14828	8695
15725	8674
16621	8654
17518	8636
18414	8618
19311	8602
20208	8586
21105	8572
22002	8559
22899	8546
23796	8535
24693	8525
25590	8516
26487	8508
27384	8501
28282	8495
29179	8490
30076	8486
30973	8484
31871	8482
32768	8482
33665	8482
34563	8484
35460	8486
36357	8490
37254	8495
38152	8501
39049	8508
39946	8516
40843	8525
41740	8535
42637	8546
43534	8559
44431	8572
45328	8586
46225	8602
47122	8618
48018	8636
48915	8654
49811	8674
50708	8695
51604	8717
52500	8739
53396	8763
54292	8788
55188	8814
56084	8841
56979	8869
57875	8898
58770	8928
59665	8960
60560	8992
61455	9025
4149	9871
5041	9839
5935	9809
6828	9779
7721	9750
8614	9722
9508	9695
10402	9669
11295	9644
12189	9620
13083	9597
13977	9575
14872	9554
15766	9534
16660	9515
17555	9497
18449	9480
19344	9464
20238	9450
21133	9436
22028	9423
22923	9411
23818	9400
24712	9391
25607	9382
26502	9374
27397	9368
28292	9362
29188	9357
30083	9354
30978	9351
31873	9350
32768	9349
33663	9350
34558	9351
35453	9354
36348	9357
37244	9362
38139	9368
39034	9374
39929	9382
40824	9391
41718	9400
42613	9411
43508	9423
44403	9436
45298	9450
46192	9464
47087	9480
47981	9497
48876	9515
49770	9534
50664	9554
51559	9575
52453	9597
53347	9620
54241	9644
55134	9669
56028	9695
56922	9722
57815	9750
58708	9779
59601	9809
60495	9839
61387	9871
4213	10718
5104	10687
5996	10658
6887	10629
7778	10601
8670	10574
9561	10548
10453	10523
11345	10499
12237	10476
13129	10454
14021	10433
14913	10413
15805	10394
16697	10376
17590	10359
18482	10342
19375	10327
20267	10313
21160	10300
22053	10287
22946	10276
23838	10266
24731	10256
25624	10248
26517	10241
27410	10234
28303	10229
29196	10224
30089	10221
30982	10218
31875	10217
32768	10216
33661	10217
34554	10218
35447	10221
36340	10224
37233	10229
38126	10234
39019	10241
39912	10248
40805	10256
41698	10266
42590	10276
43483	10287
44376	10300
45269	10313
46161	10327
47054	10342
47946	10359
48839	10376
49731	10394
50623	10413
51515	10433
52407	10454
53299	10476
54191	10499
55083	10523
55975	10548
56866	10574
57758	10601
58649	10629
59540	10658
60432	10687
61323	10718
4276	11565
5165	11535
6054	11507
6943	11479
7833	11453
8723	11427
9612	11402
10502	11378
11392	11355
12282	11333
13172	11312
14062	11292
14952	11273
15843	11254
16733	11237
17624	11220
18514	11205
19405	11190
20295	11176
21186	11164
22077	11152
22967	11141
23858	11131
24749	11122
25640	11114
26531	11107
27422	11101
28313	11096
29204	11091
30095	11088
30986	11086
31877	11084
32768	11084
33659	11084
34550	11086
35441	11088
36332	11091
37223	11096
38114	11101
39005	11107
39896	11114
40787	11122
41678	11131
42569	11141
43459	11152
44350	11164
45241	11176
46131	11190
47022	11205
47912	11220
48803	11237
49693	11254
50584	11273
51474	11292
52364	11312
53254	11333
54144	11355
55034	11378
55924	11402
56813	11427
57703	11453
58593	11479
59482	11507
60371	11535
61260	11565
4335	12412
5222	12384
6110	12356
6998	12330
7885	12304
8773	12280
9661	12256
10549	12233
11437	12211
12325	12190
13213	12170
14102	12150
14990	12132
15879	12114
16767	12098
17656	12082
18544	12067
19433	12053
20322	12040
21211	12028
22100	12016
22988	12006
23877	11996
24766	11988
25655	11980
26544	11973
27433	11967
28322	11962
29212	11958
30101	11955
30990	11953
31879	11952
32768	11951
33657	11952
34546	11953
35435	11955
36324	11958
37214	11962
38103	11967
38992	11973
39881	11980
40770	11988
41659	11996
42548	12006
43436	12016
44325	12028
45214	12040
46103	12053
46992	12067
47880	12082
48769	12098
49657	12114
50546	12132
51434	12150
52323	12170
53211	12190
54099	12211
54987	12233
55875	12256
56763	12280
57651	12304
58538	12330
59426	12356
60314	12384
61201	12412
4392	13259
5277	13232
6163	13206
7049	13181
7935	13156
8821	13133
9707	13110
10594	13088
11480	13067
12367	13047
13253	13027
14140	13009
15026	12991
15913	12974
16800	12959
17687	12943
18573	12929
19460	12916
20347	12903
21234	12892
22121	12881
23008	12871
23896	12862
24783	12854
25670	12846
26557	12840
27444	12834
28332	12829
29219	12825
30106	12822
30993	12820
31881	12819
32768	12818
33655	12819
34543	12820
35430	12822
36317	12825
37204	12829
38092	12834
38979	12840
39866	12846
40753	12854
41640	12862
42528	12871
43415	12881
44302	12892
45189	12903
46076	12916
46963	12929
47849	12943
48736	12959
49623	12974
50510	12991
51396	13009
52283	13027
53169	13047
54056	13067
54942	13088
55829	13110
56715	13133
57601	13156
58487	13181
59373	13206
60259	13232
61144	13259
4446	14106
5330	14081
6214	14056
7098	14032
7983	14008
8867	13986
9752	13964
10636	13943
11521	13923
12406	13904
13291	13885
14176	13868
15061	13851
15946	13835
16831	13820
17716	13805
18601	13792
19486	13779
20371	13767
21257	13756
22142	13745
23027	13736
23913	13727
24798	13719
25684	13712
26569	13706
27455	13701
28340	13696
29226	13692
30111	13690
30997	13688
31882	13686
32768	13686
33654	13686
34539	13688
35425	13690
36310	13692
37196	13696
38081	13701
38967	13706
39852	13712
40738	13719
41623	13727
42509	13736
43394	13745
44279	13756
45165	13767
46050	13779
46935	13792
47820	13805
48705	13820
49590	13835
50475	13851
51360	13868
52245	13885
53130	13904
54015	13923
54900	13943
55784	13964
56669	13986
57553	14008
58438	14032
59322	14056
60206	14081
61090	14106
4497	14954
5380	14929
6262	14905
7145	14882
8028	14860
8911	14839
9794	14818
10677	14798
11560	14779
12443	14761
13327	14743
14210	14726
15093	14710
15977	14695
16860	14681
17744	14667
18627	14654
19511	14642
20394	14630
21278	14620
22162	14610
23046	14601
23929	14593
24813	14585
25697	14578
26581	14573
27465	14567
28349	14563
29232	14560
30116	14557
31000	14555
31884	14554
32768	14553
33652	14554
34536	14555
35420	14557
36304	14560
37187	14563
38071	14567
38955	14573
39839	14578
40723	14585
41607	14593
42490	14601
43374	14610
44258	14620
45142	14630
46025	14642
46909	14654
47792	14667
48676	14681
49559	14695
50443	14710
51326	14726
52209	14743
53093	14761
53976	14779
54859	14798
55742	14818
56625	14839
57508	14860
58391	14882
59274	14905
60156	14929
61039	14954
4546	15801
5427	15778
6308	15755
7190	15734
8071	15712
8953	15692
9834	15672
10716	15653
11597	15635
12479	15618
13361	15601
14243	15585
15124	15570
16006	15555
16888	15542
17770	15529
18652	15516
19534	15505
20416	15494
21298	15484
22181	15474
23063	15466
23945	15458
24827	15451
25709	15445
26592	15439
27474	15434
28356	15430
29239	15427
30121	15424
31003	15422
31886	15421
32768	15421
33650	15421
34533	15422
35415	15424
36297	15427
37180	15430
38062	15434
38944	15439
39827	15445
40709	15451
41591	15458
42473	15466
43355	15474
44238	15484
45120	15494
46002	15505
46884	15516
47766	15529
48648	15542
49530	15555
50412	15570
51293	15585
52175	15601
53057	15618
53939	15635
54820	15653
55702	15672
56583	15692
57465	15712
58346	15734
59228	15755
60109	15778
60990	15801
4592	16649
5472	16627
6352	16605
7232	16585
8112	16565
8992	16545
9872	16527
10752	16509
11632	16492
12513	16475
13393	16459
14273	16444
15154	16430
16034	16416
16915	16403
17795	16390
18676	16379
19556	16368
20437	16357
21318	16348
22198	16339
23079	16331
23960	16323
24841	16317
25721	16311
26602	16305
27483	16301
28364	16297
29245	16294
30125	16291
31006	16289
31887	16288
32768	16288
33649	16288
34530	16289
35411	16291
36291	16294
37172	16297
38053	16301
38934	16305
39815	16311
40695	16317
41576	16323
42457	16331
43338	16339
44218	16348
45099	16357
45980	16368
46860	16379
47741	16390
48621	16403
49502	16416
50382	16430
51263	16444
52143	16459
53023	16475
53904	16492
54784	16509
55664	16527
56544	16545
57424	16565
58304	16585
59184	16605
60064	16627
60944	16649
4636	17497
5514	17476
6393	17455
7272	17436
8150	17417
9029	17399
9908	17381
10787	17364
11666	17348
12545	17332
13423	17317
14303	17303
15182	17289
16061	17276
16940	17264
17819	17252
18698	17241
19577	17231
20457	17221
21336	17212
22215	17204
23094	17196
23974	17189
24853	17182
25733	17177
26612	17172
27491	17167
28371	17164
29250	17161
30130	17158
31009	17157
31889	17156
32768	17155
33647	17156
34527	17157
35406	17158
36286	17161
37165	17164
38045	17167
38924	17172
39803	17177
40683	17182
41562	17189
42442	17196
43321	17204
44200	17212
45079	17221
45959	17231
46838	17241
47717	17252
48596	17264
49475	17276
50354	17289
51233	17303
52113	17317
52991	17332
53870	17348
54749	17364
55628	17381
56507	17399
57386	17417
58264	17436
59143	17455
60022	17476
60900	17497
4677	18344
5554	18325
6432	18306
7309	18287
8187	18269
9064	18252
9942	18236
10819	18220
11697	18204
12575	18189
13452	18175
14330	18162
15208	18149
16086	18137
16963	18125
17841	18114
18719	18104
19597	18094
20475	18085
21353	18076
22231	18068
23109	18061
23987	18054
24865	18048
25743	18043
26621	18038
27499	18034
28377	18031
29256	18028
30134	18026
31012	18024
31890	18023
32768	18023
33646	18023
34524	18024
35402	18026
36280	18028
37159	18031
38037	18034
38915	18038
39793	18043
40671	18048
41549	18054
42427	18061
43305	18068
44183	18076
45061	18085
45939	18094
46817	18104
47695	18114
48573	18125
49450	18137
50328	18149
51206	18162
52084	18175
52961	18189
53839	18204
54717	18220
55594	18236
56472	18252
57349	18269
58227	18287
59104	18306
59982	18325
60859	18344
4716	19192
5592	19174
6468	19156
7344	19139
8221	19122
9097	19106
9973	19090
10850	19075
11726	19061
12603	19047
13479	19033
14356	19021
15232	19009
16109	18997
16986	18986
17862	18976
18739	18966
19616	18957
20492	18948
21369	18940
22246	18933
23123	18926
23999	18920
24876	18914
25753	18909
26630	18905
27507	18901
28384	18898
29260	18895
30137	18893
31014	18891
31891	18890
32768	18890
33645	18890
34522	18891
35399	18893
36276	18895
37152	18898
38029	18901
38906	18905
39783	18909
40660	18914
41537	18920
42413	18926
43290	18933
44167	18940
45044	18948
45920	18957
46797	18966
47674	18976
48550	18986
49427	18997
50304	19009
51180	19021
52057	19033
52933	19047
53810	19061
54686	19075
55563	19090
56439	19106
57315	19122
58192	19139
59068	19156
59944	19174
60820	19192
4752	20040
5627	20023
6502	20006
7377	19990
8253	19974
9128	19959
10003	19945
10878	19931
11754	19917
12629	19904
13505	19892
14380	19880
15255	19868
16131	19858
17006	19847
17882	19838
18757	19829
19633	19820
20509	19812
21384	19804
22260	19797
23135	19791
24011	19785
24887	19780
25762	19775
26638	19771
27514	19767
28389	19764
29265	19762
30141	19760
31017	19759
31892	19758
32768	19757
33644	19758
34519	19759
35395	19760
36271	19762
37147	19764
38022	19767
38898	19771
39774	19775
40649	19780
41525	19785
42401	19791
43276	19797
44152	19804
45027	19812
45903	19820
46779	19829
47654	19838
48530	19847
49405	19858
50281	19868
51156	19880
52031	19892
52907	19904
53782	19917
54658	19931
55533	19945
56408	19959
57283	19974
58159	19990
59034	20006
59909	20023
60784	20040
4786	20888
5660	20872
6534	20857
7408	20842
8282	20827
9157	20813
10031	20799
10905	20786
11779	20774
12654	20761
13528	20750
14403	20739
15277	20728
16151	20718
17026	20709
17900	20700
18775	20691
19649	20683
20524	20676
21398	20669
22273	20662
23147	20656
24022	20651
24896	20646
25771	20641
26646	20638
27520	20634
28395	20631
29269	20629
30144	20627
31019	20626
31893	20625
32768	20625
33643	20625
34517	20626
35392	20627
36267	20629
37141	20631
38016	20634
38890	20638
39765	20641
40640	20646
41514	20651
42389	20656
43263	20662
44138	20669
45012	20676
45887	20683
46761	20691
47636	20700
48510	20709
49385	20718
50259	20728
51133	20739
52008	20750
52882	20761
53757	20774
54631	20786
55505	20799
56379	20813
57254	20827
58128	20842
59002	20857
59876	20872
60750	20888
4817	21737
5691	21722
6564	21707
7437	21693
8310	21680
9183	21667
10057	21654
10930	21642
11803	21630
12677	21619
13550	21608
14423	21598
15297	21588
16170	21579
17044	21570
17917	21562
18791	21554
19664	21546
20538	21539
21411	21533
22285	21527
23158	21521
24032	21516
24906	21512
25779	21508
26653	21504
27526	21501
28400	21498
29274	21496
30147	21494
31021	21493
31894	21492
32768	21492
33642	21492
34515	21493
35389	21494
36262	21496
37136	21498
38010	21501
38883	21504
39757	21508
40630	21512
41504	21516
42378	21521
43251	21527
44125	21533
44998	21539
45872	21546
46745	21554
47619	21562
48492	21570
49366	21579
50239	21588
51113	21598
51986	21608
52859	21619
53733	21630
54606	21642
55479	21654
56353	21667
57226	21680
58099	21693
58972	21707
59845	21722
60719	21737
4846	22585
5719	22571
6591	22558
7463	22545
8336	22532
9208	22520
10080	22509
10953	22497
11825	22487
12698	22476
13570	22466
14443	22457
15315	22448
16188	22439
17060	22431
17933	22423
18806	22416
19678	22409
20551	22403
21423	22397
22296	22391
23169	22386
24041	22382
24914	22377
25787	22374
26659	22370
27532	22368
28405	22365
29277	22363
30150	22362
31023	22360
31895	22360
32768	22360
33641	22360
34513	22360
35386	22362
36259	22363
37131	22365
38004	22368
38877	22370
39749	22374
40622	22377
41495	22382
42367	22386
43240	22391
44113	22397
44985	22403
45858	22409
46730	22416
47603	22423
48476	22431
49348	22439
50221	22448
51093	22457
51966	22466
52838	22476
53711	22487
54583	22497
55456	22509
56328	22520
57200	22532
58073	22545
58945	22558
59817	22571
60690	22585
4873	23433
5745	23421
6616	23408
7488	23397
8359	23385
9231	23374
10102	23363
10974	23353
11846	23343
12717	23334
13589	23325
14461	23316
15332	23308
16204	23300
17076	23293
17947	23285
18819	23279
19691	23273
20563	23267
21434	23261
22306	23256
23178	23251
24050	23247
24922	23243
25793	23240
26665	23237
27537	23234
28409	23232
29281	23230
30153	23229
31024	23228
31896	23227
32768	23227
33640	23227
34512	23228
35383	23229
36255	23230
37127	23232
37999	23234
38871	23237
39743	23240
40614	23243
41486	23247
42358	23251
43230	23256
44102	23261
44973	23267
45845	23273
46717	23279
47589	23285
48460	23293
49332	23300
50204	23308
51075	23316
51947	23325
52819	23334
53690	23343
54562	23353
55434	23363
56305	23374
57177	23385
58048	23397
58920	23408
59791	23421
60663	23433
4897	24282
5768	24270
6639	24259
7510	24248
8381	24238
9251	24228
10122	24218
10993	24209
11864	24200
12735	24191
13606	24183
14477	24175
15348	24168
16219	24161
17090	24154
17961	24147
18831	24141
19702	24136
20573	24130
21444	24125
22315	24121
23187	24117
24058	24113
24929	24109
25800	24106
26671	24103
27542	24101
28413	24099
29284	24097
30155	24096
31026	24095
31897	24094
32768	24094
33639	24094
34510	24095
35381	24096
36252	24097
37123	24099
37994	24101
38865	24103
39736	24106
40607	24109
41478	24113
42349	24117
43221	24121
44092	24125
44963	24130
45834	24136
46705	24141
47575	24147
48446	24154
49317	24161
50188	24168
51059	24175
51930	24183
52801	24191
53672	24200
54543	24209
55414	24218
56285	24228
57155	24238
58026	24248
58897	24259
59768	24270
60639	24282
4919	25130
5789	25120
6659	25110
7530	25100
8400	25091
9270	25082
10140	25073
11010	25065
11881	25057
12751	25049
13621	25042
14491	25035
15362	25028
16232	25021
17102	25015
17972	25009
18843	25004
19713	24999
20583	24994
21454	24990
22324	24986
23194	24982
24065	24978
24935	24975
25805	24972
26676	24970
27546	24968
28416	24966
29287	24964
30157	24963
31027	24962
31898	24962
32768	24962
33638	24962
34509	24962
35379	24963
36249	24964
37120	24966
37990	24968
38860	24970
39731	24972
40601	24975
41471	24978
42342	24982
43212	24986
44082	24990
44953	24994
45823	24999
46693	25004
47564	25009
48434	25015
49304	25021
50174	25028
51045	25035
51915	25042
52785	25049
53655	25057
54526	25065
55396	25073
56266	25082
57136	25091
58006	25100
58877	25110
59747	25120
60617	25130
4939	25979
5808	25970
6678	25961
7547	25952
8417	25944
9287	25936
10156	25928
11026	25921
11895	25913
12765	25907
13635	25900
14504	25894
15374	25888
16244	25882
17113	25877
17983	25871
18853	25867
19722	25862
20592	25858
21462	25854
22331	25850
23201	25847
24071	25844
24941	25841
25810	25838
26680	25836
27550	25834
28419	25833
29289	25831
30159	25830
31029	25830
31898	25829
32768	25829
33638	25829
34507	25830
35377	25830
36247	25831
37117	25833
37986	25834
38856	25836
39726	25838
40595	25841
41465	25844
42335	25847
43205	25850
44074	25854
44944	25858
45814	25862
46683	25867
47553	25871
48423	25877
49292	25882
50162	25888
51032	25894
51901	25900
52771	25907
53641	25913
54510	25921
55380	25928
56249	25936
57119	25944
57989	25952
58858	25961
59728	25970
60597	25979
4956	26827
5825	26819
6694	26812
7563	26804
8432	26797
9301	26790
10170	26783
11039	26776
11909	26770
12778	26764
13647	26758
14516	26753
15385	26748
16254	26743
17123	26738
17992	26734
18861	26729
19731	26725
20600	26722
21469	26718
22338	26715
23207	26712
24076	26709
24945	26707
25815	26705
26684	26703
27553	26701
28422	26700
29291	26698
30160	26698
31030	26697
31899	26697
32768	26696
33637	26697
34506	26697
35376	26698
36245	26698
37114	26700
37983	26701
38852	26703
39721	26705
40591	26707
41460	26709
42329	26712
43198	26715
44067	26718
44936	26722
45805	26725
46675	26729
47544	26734
48413	26738
49282	26743
50151	26748
51020	26753
51889	26758
52758	26764
53627	26770
54497	26776
55366	26783
56235	26790
57104	26797
57973	26804
58842	26812
59711	26819
60580	26827
4971	27676
5840	27669
6708	27662
7577	27656
8445	27650
9314	27644
10183	27638
11051	27632
11920	27627
12788	27622
13657	27617
14526	27612
15394	27608
16263	27603
17132	27599
18000	27596
18869	27592
19738	27589
20606	27585
21475	27582
22344	27580
23212	27577
24081	27575
24950	27573
25818	27571
26687	27569
27556	27568
28425	27567
29293	27566
30162	27565
31031	27564
31899	27564
32768	27564
33637	27564
34505	27564
35374	27565
36243	27566
37111	27567
37980	27568
38849	27569
39718	27571
40586	27573
41455	27575
42324	27577
43192	27580
44061	27582
44930	27585
45798	27589
46667	27592
47536	27596
48404	27599
49273	27603
50142	27608
51010	27612
51879	27617
52748	27622
53616	27627
54485	27632
55353	27638
56222	27644
57091	27650
57959	27656
58828	27662
59696	27669
60565	27676
4984	28525
5852	28519
6720	28513
7588	28508
8456	28503
9325	28498
10193	28493
11061	28488
11929	28484
12798	28480
13666	28475
14534	28472
15402	28468
16271	28464
17139	28461
18007	28458
18875	28455
19744	28452
20612	28449
21480	28447
22349	28444
23217	28442
24085	28440
24953	28439
25822	28437
26690	28436
27558	28434
28427	28433
29295	28433
30163	28432
31031	28432
31900	28431
32768	28431
33636	28431
34505	28432
35373	28432
36241	28433
37109	28433
37978	28434
38846	28436
39714	28437
40583	28439
41451	28440
42319	28442
43187	28444
44056	28447
44924	28449
45792	28452
46661	28455
47529	28458
48397	28461
49265	28464
50134	28468
51002	28472
51870	28475
52738	28480
53607	28484
54475	28488
55343	28493
56211	28498
57080	28503
57948	28508
58816	28513
59684	28519
60552	28525
4994	29373
5862	29369
6730	29364
7598	29360
8466	29356
9333	29352
10201	29348
11069	29344
11937	29341
12805	29337
13673	29334
14541	29331
15409	29328
16277	29325
17145	29322
18013	29320
18881	29317
19749	29315
20617	29313
21485	29311
22353	29309
23220	29307
24088	29306
24956	29304
25824	29303
26692	29302
27560	29301
28428	29300
29296	29300
30164	29299
31032	29299
31900	29299
32768	29299
33636	29299
34504	29299
35372	29299
36240	29300
37108	29300
37976	29301
38844	29302
39712	29303
40580	29304
41448	29306
42316	29307
43183	29309
44051	29311
44919	29313
45787	29315
46655	29317
47523	29320
48391	29322
49259	29325
50127	29328
50995	29331
51863	29334
52731	29337
53599	29341
54467	29344
55335	29348
56203	29352
57070	29356
57938	29360
58806	29364
59674	29369
60542	29373
5002	30222
5870	30218
6737	30215
7605	30212
8473	30209
9340	30206
10208	30203
11076	30200
11943	30197
12811	30195
13679	30192
14546	30190
15414	30188
16282	30186
17149	30184
18017	30182
18885	30180
19753	30178
20620	30177
21488	30175
22356	30174
23223	30173
24091	30171
24959	30170
25826	30169
26694	30169
27562	30168
28429	30167
29297	30167
30165	30166
31033	30166
31900	30166
32768	30166
33636	30166
34503	30166
35371	30166
36239	30167
37107	30167
37974	30168
38842	30169
39710	30169
40577	30170
41445	30171
42313	30173
43180	30174
44048	30175
44916	30177
45783	30178
46651	30180
47519	30182
48387	30184
49254	30186
50122	30188
50990	30190
51857	30192
52725	30195
53593	30197
54460	30200
55328	30203
56196	30206
57063	30209
57931	30212
58799	30215
59666	30218
60534	30222
5008	31071
5875	31068
6743	31066
7610	31064
8478	31062
9345	31060
10213	31058
11080	31056
11948	31054
12815	31053
13683	31051
14550	31049
15418	31048
16285	31046
17153	31045
18020	31044
18888	31043
19755	31041
20623	31040
21490	31039
22358	31039
23225	31038
24093	31037
24960	31036
25828	31036
26695	31035
27563	31035
28430	31034
29298	31034
30165	31034
31033	31033
31900	31033
32768	31033
33636	31033
34503	31033
35371	31034
36238	31034
37106	31034
37973	31035
38841	31035
39708	31036
40576	31036
41443	31037
42311	31038
43178	31039
44046	31039
44913	31040
45781	31041
46648	31043
47516	31044
48383	31045
49251	31046
50118	31048
50986	31049
51853	31051
52721	31053
53588	31054
54456	31056
55323	31058
56191	31060
57058	31062
57926	31064
58793	31066
59661	31068
60528	31071
5011	31919
5878	31918
6746	31917
7613	31916
8481	31915
9348	31914
10215	31913
11083	31912
11950	31911
12818	31910
13685	31909
14552	31909
15420	31908
16287	31907
17155	31907
18022	31906
18889	31905
19757	31905
20624	31904
21492	31904
22359	31903
23227	31903
24094	31902
24961	31902
25829	31902
26696	31902
27564	31901
28431	31901
29298	31901
30166	31901
31033	31901
31901	31901
32768	31901
33635	31901
34503	31901
35370	31901
36238	31901
37105	31901
37972	31901
38840	31902
39707	31902
40575	31902
41442	31902
42309	31903
43177	31903
44044	31904
44912	31904
45779	31905
46647	31905
47514	31906
48381	31907
49249	31907
50116	31908
50984	31909
51851	31909
52718	31910
53586	31911
54453	31912
55321	31913
56188	31914
57055	31915
57923	31916
58790	31917
59658	31918
60525	31919
5012	32768
5880	32768
6747	32768
7614	32768
8482	32768
9349	32768
10216	32768
11084	32768
11951	32768
12818	32768
13686	32768
14553	32768
15421	32768
16288	32768
17155	32768
18023	32768
18890	32768
19757	32768
20625	32768
21492	32768
22360	32768
23227	32768
24094	32768
24962	32768
25829	32768
26696	32768
27564	32768
28431	32768
29299	32768
30166	32768
31033	32768
31901	32768
32768	32768
33635	32768
34503	32768
35370	32768
36237	32768
37105	32768
37972	32768
38840	32768
39707	32768
40574	32768
41442	32768
42309	32768
43176	32768
44044	32768
44911	32768
45779	32768
46646	32768
47513	32768
48381	32768
49248	32768
50115	32768
50983	32768
51850	32768
52718	32768
53585	32768
54452	32768
55320	32768
56187	32768
57054	32768
57922	32768
58789	32768
59656	32768
60524	32768
5011	33617
5878	33618
6746	33619
7613	33620
8481	33621
9348	33622
10215	33623
11083	33624
11950	33625
12818	33626
13685	33627
14552	33627
15420	33628
16287	33629
17155	33629
18022	33630
18889	33631
19757	33631
20624	33632
21492	33632
22359	33633
23227	33633
24094	33634
24961	33634
25829	33634
26696	33634
27564	33635
28431	33635
29298	33635
30166	33635
31033	33635
31901	33635
32768	33635
33635	33635
34503	33635
35370	33635
36238	33635
37105	33635
37972	33635
38840	33634
39707	33634
40575	33634
41442	33634
42309	33633
43177	33633
44044	33632
44912	33632
45779	33631
46647	33631
47514	33630
48381	33629
49249	33629
50116	33628
50984	33627
51851	33627
52718	33626
53586	33625
54453	33624
55321	33623
56188	33622
57055	33621
57923	33620
58790	33619
59658	33618
60525	33617
5008	34465
5875	34468
6743	34470
7610	34472
8478	34474
9345	34476
10213	34478
11080	34480
11948	34482
12815	34483
13683	34485
14550	34487
15418	34488
16285	34490
17153	34491
18020	34492
18888	34493
19755	34495
20623	34496
21490	34497
22358	34497
23225	34498
24093	34499
24960	34500
25828	34500
26695	34501
27563	34501
28430	34502
29298	34502
30165	34502
31033	34503
31900	34503
32768	34503
33636	34503
34503	34503
35371	34502
36238	34502
37106	34502
37973	34501
38841	34501
39708	34500
40576	34500
41443	34499
42311	34498
43178	34497
44046	34497
44913	34496
45781	34495
46648	34493
47516	34492
48383	34491
49251	34490
50118	34488
50986	34487
51853	34485
52721	34483
53588	34482
54456	34480
55323	34478
56191	34476
57058	34474
57926	34472
58793	34470
59661	34468
60528	34465
5002	35314
5870	35318
6737	35321
7605	35324
8473	35327
9340	35330
10208	35333
11076	35336
11943	35339
12811	35341
13679	35344
14546	35346
15414	35348
16282	35350
17149	35352
18017	35354
18885	35356
19753	35358
20620	35359
21488	35361
22356	35362
23223	35363
24091	35365
24959	35366
25826	35367
26694	35367
27562	35368
28429	35369
29297	35369
30165	35370
31033	35370
31900	35370
32768	35370
33636	35370
34503	35370
35371	35370
36239	35369
37107	35369
37974	35368
38842	35367
39710	35367
40577	35366
41445	35365
42313	35363
43180	35362
44048	35361
44916	35359
45783	35358
46651	35356
47519	35354
48387	35352
49254	35350
50122	35348
50990	35346
51857	35344
52725	35341
53593	35339
54460	35336
55328	35333
56196	35330
57063	35327
57931	35324
58799	35321
59666	35318
60534	35314
4994	36163
5862	36167
6730	36172
7598	36176
8466	36180
9333	36184
10201	36188
11069	36192
11937	36195
12805	36199
13673	36202
14541	36205
15409	36208
16277	36211
17145	36214
18013	36216
18881	36219
19749	36221
20617	36223
21485	36225
22353	36227
23220	36229
24088	36230
24956	36232
25824	36233
26692	36234
27560	36235
28428	36236
29296	36236
30164	36237
31032	36237
31900	36237
32768	36237
33636	36237
34504	36237
35372	36237
36240	36236
37108	36236
37976	36235
38844	36234
39712	36233
40580	36232
41448	36230
42316	36229
43183	36227
44051	36225
44919	36223
45787	36221
46655	36219
47523	36216
48391	36214
49259	36211
50127	36208
50995	36205
51863	36202
52731	36199
53599	36195
54467	36192
55335	36188
56203	36184
57070	36180
57938	36176
58806	36172
59674	36167
60542	36163
4984	37011
5852	37017
6720	37023
7588	37028
8456	37033
9325	37038
10193	37043
11061	37048
11929	37052
12798	37056
13666	37061
14534	37064
15402	37068
16271	37072
17139	37075
18007	37078
18875	37081
19744	37084
20612	37087
21480	37089
22349	37092
23217	37094
24085	37096
24953	37097
25822	37099
26690	37100
27558	37102
28427	37103
29295	37103
30163	37104
31031	37104
31900	37105
32768	37105
33636	37105
34505	37104
35373	37104
36241	37103
37109	37103
37978	37102
38846	37100
39714	37099
40583	37097
41451	37096
42319	37094
43187	37092
44056	37089
44924	37087
45792	37084
46661	37081
47529	37078
48397	37075
49265	37072
50134	37068
51002	37064
51870	37061
52738	37056
53607	37052
54475	37048
55343	37043
56211	37038
57080	37033
57948	37028
58816	37023
59684	37017
60552	37011
4971	37860
5840	37867
6708	37874
7577	37880
8445	37886
9314	37892
10183	37898
11051	37904
11920	37909
12788	37914
13657	37919
14526	37924
15394	37928
16263	37933
17132	37937
18000	37940
18869	37944
19738	37947
20606	37951
21475	37954
22344	37956
23212	37959
24081	37961
24950	37963
25818	37965
26687	37967
27556	37968
28425	37969
29293	37970
30162	37971
31031	37972
31899	37972
32768	37972
33637	37972
34505	37972
35374	37971
36243	37970
37111	37969
37980	37968
38849	37967
39718	37965
40586	37963
41455	37961
42324	37959
43192	37956
44061	37954
44930	37951
45798	37947
46667	37944
47536	37940
48404	37937
49273	37933
50142	37928
51010	37924
51879	37919
52748	37914
53616	37909
54485	37904
55353	37898
56222	37892
57091	37886
57959	37880
58828	37874
59696	37867
60565	37860
4956	38709
5825	38717
6694	38724
7563	38732
8432	38739
9301	38746
10170	38753
11039	38760
11909	38766
12778	38772
13647	38778
14516	38783
15385	38788
16254	38793
17123	38798
17992	38802
18861	38807
19731	38811
20600	38814
21469	38818
22338	38821
23207	38824
24076	38827
24945	38829
25815	38831
26684	38833
27553	38835
28422	38836
29291	38838
30160	38838
31030	38839
31899	38839
32768	38840
33637	38839
34506	38839
35376	38838
36245	38838
37114	38836
37983	38835
38852	38833
39721	38831
40591	38829
41460	38827
42329	38824
43198	38821
44067	38818
44936	38814
45805	38811
46675	38807
47544	38802
48413	38798
49282	38793
50151	38788
51020	38783
51889	38778
52758	38772
53627	38766
54497	38760
55366	38753
56235	38746
57104	38739
57973	38732
58842	38724
59711	38717
60580	38709
4939	39557
5808	39566
6678	39575
7547	39584
8417	39592
9287	39600
10156	39608
11026	39615
11895	39623
12765	39629
13635	39636
14504	39642
15374	39648
16244	39654
17113	39659
17983	39665
18853	39669
19722	39674
20592	39678
21462	39682
22331	39686
23201	39689
24071	39692
24941	39695
25810	39698
26680	39700
27550	39702
28419	39703
29289	39705
30159	39706
31029	39706
31898	39707
32768	39707
33638	39707
34507	39706
35377	39706
36247	39705
37117	39703
37986	39702
38856	39700
39726	39698
40595	39695
41465	39692
42335	39689
43205	39686
44074	39682
44944	39678
45814	39674
46683	39669
47553	39665
48423	39659
49292	39654
50162	39648
51032	39642
51901	39636
52771	39629
53641	39623
54510	39615
55380	39608
56249	39600
57119	39592
57989	39584
58858	39575
59728	39566
60597	39557
4919	40406
5789	40416
6659	40426
7530	40436
8400	40445
9270	40454
10140	40463
11010	40471
11881	40479
12751	40487
13621	40494
14491	40501
15362	40508
16232	40515
17102	40521
17972	40527
18843	40532
19713	40537
20583	40542
21454	40546
22324	40550
23194	40554
24065	40558
24935	40561
25805	40564
26676	40566
27546	40568
28416	40570
29287	40572
30157	40573
31027	40574
31898	40574
32768	40574
33638	40574
34509	40574
35379	40573
36249	40572
37120	40570
37990	40568
38860	40566
39731	40564
40601	40561
41471	40558
42342	40554
43212	40550
44082	40546
44953	40542
45823	40537
46693	40532
47564	40527
48434	40521
49304	40515
50174	40508
51045	40501
51915	40494
52785	40487
53655	40479
54526	40471
55396	40463
56266	40454
57136	40445
58006	40436
58877	40426
59747	40416
60617	40406
4897	41254
5768	41266
6639	41277
7510	41288
8381	41298
9251	41308
10122	41318
10993	41327
11864	41336
12735	41345
13606	41353
14477	41361
15348	41368
16219	41375
17090	41382
17961	41389
18831	41395
19702	41400
20573	41406
21444	41411
22315	41415
23187	41419
24058	41423
24929	41427
25800	41430
26671	41433
27542	41435
28413	41437
29284	41439
30155	41440
31026	41441
31897	41442
32768	41442
33639	41442
34510	41441
35381	41440
36252	41439
37123	41437
37994	41435
38865	41433
39736	41430
40607	41427
41478	41423
42349	41419
43221	41415
44092	41411
44963	41406
45834	41400
46705	41395
47575	41389
48446	41382
49317	41375
50188	41368
51059	41361
51930	41353
52801	41345
53672	41336
54543	41327
55414	41318
56285	41308
57155	41298
58026	41288
58897	41277
59768	41266
60639	41254
4873	42103
5745	42115
6616	42128
7488	42139
8359	42151
9231	42162
10102	42173
10974	42183
11846	42193
12717	42202
13589	42211
14461	42220
15332	42228
16204	42236
17076	42243
17947	42251
18819	42257
19691	42263
20563	42269
21434	42275
22306	42280
23178	42285
24050	42289
24922	42293
25793	42296
26665	42299
27537	42302
28409	42304
29281	42306
30153	42307
31024	42308
31896	42309
32768	42309
33640	42309
34512	42308
35383	42307
36255	42306
37127	42304
37999	42302
38871	42299
39743	42296
40614	42293
41486	42289
42358	42285
43230	42280
44102	42275
44973	42269
45845	42263
46717	42257
47589	42251
48460	42243
49332	42236
50204	42228
51075	42220
51947	42211
52819	42202
53690	42193
54562	42183
55434	42173
56305	42162
57177	42151
58048	42139
58920	42128
59791	42115
60663	42103
4846	42951
5719	42965
6591	42978
7463	42991
8336	43004
9208	43016
10080	43027
10953	43039
11825	43049
12698	43060
13570	43070
14443	43079
15315	43088
16188	43097
17060	43105
17933	43113
18806	43120
19678	43127
20551	43133
21423	43139
22296	43145
23169	43150
24041	43154
24914	43159
25787	43162
26659	43166
27532	43168
28405	43171
29277	43173
30150	43174
31023	43176
31895	43176
32768	43176
33641	43176
34513	43176
35386	43174
36259	43173
37131	43171
38004	43168
38877	43166
39749	43162
40622	43159
41495	43154
42367	43150
43240	43145
44113	43139
44985	43133
45858	43127
46730	43120
47603	43113
48476	43105
49348	43097
50221	43088
51093	43079
51966	43070
52838	43060
53711	43049
54583	43039
55456	43027
56328	43016
57200	43004
58073	42991
58945	42978
59817	42965
60690	42951
4817	43799
5691	43814
6564	43829
7437	43843
8310	43856
9183	43869
10057	43882
10930	43894
11803	43906
12677	43917
13550	43928
14423	43938
15297	43948
16170	43957
17044	43966
17917	43974
18791	43982
19664	43990
20538	43997
21411	44003
22285	44009
23158	44015
24032	44020
24906	44024
25779	44028
26653	44032
27526	44035
28400	44038
29274	44040
30147	44042
31021	44043
31894	44044
32768	44044
33642	44044
34515	44043
35389	44042
36262	44040
37136	44038
38010	44035
38883	44032
39757	44028
40630	44024
41504	44020
42378	44015
43251	44009
44125	44003
44998	43997
45872	43990
46745	43982
47619	43974
48492	43966
49366	43957
50239	43948
51113	43938
51986	43928
52859	43917
53733	43906
54606	43894
55479	43882
56353	43869
57226	43856
58099	43843
58972	43829
59845	43814
60719	43799
4786	44648
5660	44664
6534	44679
7408	44694
8282	44709
9157	44723
10031	44737
10905	44750
11779	44762
12654	44775
13528	44786
14403	44797
15277	44808
16151	44818
17026	44827
17900	44836
18775	44845
19649	44853
20524	44860
21398	44867
22273	44874
23147	44880
24022	44885
24896	44890
25771	44895
26646	44898
27520	44902
28395	44905
29269	44907
30144	44909
31019	44910
31893	44911
32768	44911
33643	44911
34517	44910
35392	44909
36267	44907
37141	44905
38016	44902
38890	44898
39765	44895
40640	44890
41514	44885
42389	44880
43263	44874
44138	44867
45012	44860
45887	44853
46761	44845
47636	44836
48510	44827
49385	44818
50259	44808
51133	44797
52008	44786
52882	44775
53757	44762
54631	44750
55505	44737
56379	44723
57254	44709
58128	44694
59002	44679
59876	44664
60750	44648
4752	45496
5627	45513
6502	45530
7377	45546
8253	45562
9128	45577
10003	45591
10878	45605
11754	45619
12629	45632
13505	45644
14380	45656
15255	45668
16131	45678
17006	45689
17882	45698
18757	45707
19633	45716
20509	45724
21384	45732
22260	45739
23135	45745
24011	45751
24887	45756
25762	45761
26638	45765
27514	45769
28389	45772
29265	45774
30141	45776
31017	45777
31892	45778
32768	45779
33644	45778
34519	45777
35395	45776
36271	45774
37147	45772
38022	45769
38898	45765
39774	45761
40649	45756
41525	45751
42401	45745
43276	45739
44152	45732
45027	45724
45903	45716
46779	45707
47654	45698
48530	45689
49405	45678
50281	45668
51156	45656
52031	45644
52907	45632
53782	45619
54658	45605
55533	45591
56408	45577
57283	45562
58159	45546
59034	45530
59909	45513
60784	45496
4716	46344
5592	46362
6468	46380
7344	46397
8221	46414
9097	46430
9973	46446
10850	46461
11726	46475
12603	46489
13479	46503
14356	46515
15232	46527
16109	46539
16986	46550
17862	46560
18739	46570
19616	46579
20492	46588
21369	46596
22246	46603
23123	46610
23999	46616
24876	46622
25753	46627
26630	46631
27507	46635
28384	46638
29260	46641
30137	46643
31014	46645
31891	46646
32768	46646
33645	46646
34522	46645
35399	46643
36276	46641
37152	46638
38029	46635
38906	46631
39783	46627
40660	46622
41537	46616
42413	46610
43290	46603
44167	46596
45044	46588
45920	46579
46797	46570
47674	46560
48550	46550
49427	46539
50304	46527
51180	46515
52057	46503
52933	46489
53810	46475
54686	46461
55563	46446
56439	46430
57315	46414
58192	46397
59068	46380
59944	46362
60820	46344
4677	47192
5554	47211
6432	47230
7309	47249
8187	47267
9064	47284
9942	47300
10819	47316
11697	47332
12575	47347
13452	47361
14330	47374
15208	47387
16086	47399
16963	47411
17841	47422
18719	47432
19597	47442
20475	47451
21353	47460
22231	47468
23109	47475
23987	47482
24865	47488
25743	47493
26621	47498
27499	47502
28377	47505
29256	47508
30134	47510
31012	47512
31890	47513
32768	47513
33646	47513
34524	47512
35402	47510
36280	47508
37159	47505
38037	47502
38915	47498
39793	47493
40671	47488
41549	47482
42427	47475
43305	47468
44183	47460
45061	47451
45939	47442
46817	47432
47695	47422
48573	47411
49450	47399
50328	47387
51206	47374
52084	47361
52961	47347
53839	47332
54717	47316
55594	47300
56472	47284
57349	47267
58227	47249
59104	47230
59982	47211
60859	47192
4636	48039
5514	48060
6393	48081
7272	48100
8150	48119
9029	48137
9908	48155
10787	48172
11666	48188
12545	48204
13423	48219
14303	48233
15182	48247
16061	48260
16940	48272
17819	48284
18698	48295
19577	48305
20457	48315
21336	48324
22215	48332
23094	48340
23974	48347
24853	48354
25733	48359
26612	48364
27491	48369
28371	48372
29250	48375
30130	48378
31009	48379
31889	48380
32768	48381
33647	48380
34527	48379
35406	48378
36286	48375
37165	48372
38045	48369
38924	48364
39803	48359
40683	48354
41562	48347
42442	48340
43321	48332
44200	48324
45079	48315
45959	48305
46838	48295
47717	48284
48596	48272
49475	48260
50354	48247
51233	48233
52113	48219
52991	48204
53870	48188
54749	48172
55628	48155
56507	48137
57386	48119
58264	48100
59143	48081
60022	48060
60900	48039
4592	48887
5472	48909
6352	48931
7232	48951
8112	48971
8992	48991
9872	49009
10752	49027
11632	49044
12513	49061
13393	49077
14273	49092
15154	49106
16034	49120
16915	49133
17795	49146
18676	49157
19556	49168
20437	49179
21318	49188
22198	49197
23079	49205
23960	49213
24841	49219
25721	49225
26602	49231
27483	49235
28364	49239
29245	49242
30125	49245
31006	49247
31887	49248
32768	49248
33649	49248
34530	49247
35411	49245
36291	49242
37172	49239
38053	49235
38934	49231
39815	49225
40695	49219
41576	49213
42457	49205
43338	49197
44218	49188
45099	49179
45980	49168
46860	49157
47741	49146
48621	49133
49502	49120
50382	49106
51263	49092
52143	49077
53023	49061
53904	49044
54784	49027
55664	49009
56544	48991
57424	48971
58304	48951
59184	48931
60064	48909
60944	48887
4546	49735
5427	49758
6308	49781
7190	49802
8071	49824
8953	49844
9834	49864
10716	49883
11597	49901
12479	49918
13361	49935
14243	49951
15124	49966
16006	49981
16888	49994
17770	50007
18652	50020
19534	50031
20416	50042
21298	50052
22181	50062
23063	50070
23945	50078
24827	50085
25709	50091
26592	50097
27474	50102
28356	50106
29239	50109
30121	50112
31003	50114
31886	50115
32768	50115
33650	50115
34533	50114
35415	50112
36297	50109
37180	50106
38062	50102
38944	50097
39827	50091
40709	50085
41591	50078
42473	50070
43355	50062
44238	50052
45120	50042
46002	50031
46884	50020
47766	50007
48648	49994
49530	49981
50412	49966
51293	49951
52175	49935
53057	49918
53939	49901
54820	49883
55702	49864
56583	49844
57465	49824
58346	49802
59228	49781
60109	49758
60990	49735
4497	50582
5380	50607
6262	50631
7145	50654
8028	50676
8911	50697
9794	50718
10677	50738
11560	50757
12443	50775
13327	50793
14210	50810
15093	50826
15977	50841
16860	50855
17744	50869
18627	50882
19511	50894
20394	50906
21278	50916
22162	50926
23046	50935
23929	50943
24813	50951
25697	50958
26581	50963
27465	50969
28349	50973
29232	50976
30116	50979
31000	50981
31884	50982
32768	50983
33652	50982
34536	50981
35420	50979
36304	50976
37187	50973
38071	50969
38955	50963
39839	50958
40723	50951
41607	50943
42490	50935
43374	50926
44258	50916
45142	50906
46025	50894
46909	50882
47792	50869
48676	50855
49559	50841
50443	50826
51326	50810
52209	50793
53093	50775
53976	50757
54859	50738
55742	50718
56625	50697
57508	50676
58391	50654
59274	50631
60156	50607
61039	50582
4446	51430
5330	51455
6214	51480
7098	51504
7983	51528
8867	51550
9752	51572
10636	51593
11521	51613
12406	51632
13291	51651
14176	51668
15061	51685
15946	51701
16831	51716
17716	51731
18601	51744
19486	51757
20371	51769
21257	51780
22142	51791
23027	51800
23913	51809
24798	51817
25684	51824
26569	51830
27455	51835
28340	51840
29226	51844
30111	51846
30997	51848
31882	51850
32768	51850
33654	51850
34539	51848
35425	51846
36310	51844
37196	51840
38081	51835
38967	51830
39852	51824
40738	51817
41623	51809
42509	51800
43394	51791
44279	51780
45165	51769
46050	51757
46935	51744
47820	51731
48705	51716
49590	51701
50475	51685
51360	51668
52245	51651
53130	51632
54015	51613
54900	51593
55784	51572
56669	51550
57553	51528
58438	51504
59322	51480
60206	51455
61090	51430
4392	52277
5277	52304
6163	52330
7049	52355
7935	52380
8821	52403
9707	52426
10594	52448
11480	52469
12367	52489
13253	52509
14140	52527
15026	52545
15913	52562
16800	52577
17687	52593
18573	52607
19460	52620
20347	52633
21234	52644
22121	52655
23008	52665
23896	52674
24783	52682
25670	52690
26557	52696
27444	52702
28332	52707
29219	52711
30106	52714
30993	52716
31881	52717
32768	52718
33655	52717
34543	52716
35430	52714
36317	52711
37204	52707
38092	52702
38979	52696
39866	52690
40753	52682
41640	52674
42528	52665
43415	52655
44302	52644
45189	52633
46076	52620
46963	52607
47849	52593
48736	52577
49623	52562
50510	52545
51396	52527
52283	52509
53169	52489
54056	52469
54942	52448
55829	52426
56715	52403
57601	52380
58487	52355
59373	52330
60259	52304
61144	52277
4335	53124
5222	53152
6110	53180
6998	53206
7885	53232
8773	53256
9661	53280
10549	53303
11437	53325
12325	53346
13213	53366
14102	53386
14990	53404
15879	53422
16767	53438
17656	53454
18544	53469
19433	53483
20322	53496
21211	53508
22100	53520
22988	53530
23877	53540
24766	53548
25655	53556
26544	53563
27433	53569
28322	53574
29212	53578
30101	53581
30990	53583
31879	53584
32768	53585
33657	53584
34546	53583
35435	53581
36324	53578
37214	53574
38103	53569
38992	53563
39881	53556
40770	53548
41659	53540
42548	53530
43436	53520
44325	53508
45214	53496
46103	53483
46992	53469
47880	53454
48769	53438
49657	53422
50546	53404
51434	53386
52323	53366
53211	53346
54099	53325
54987	53303
55875	53280
56763	53256
57651	53232
58538	53206
59426	53180
60314	53152
61201	53124
4276	53971
5165	54001
6054	54029
6943	54057
7833	54083
8723	54109
9612	54134
10502	54158
11392	54181
12282	54203
13172	54224
14062	54244
14952	54263
15843	54282
16733	54299
17624	54316
18514	54331
19405	54346
20295	54360
21186	54372
22077	54384
22967	54395
23858	54405
24749	54414
25640	54422
26531	54429
27422	54435
28313	54440
29204	54445
30095	54448
30986	54450
31877	54452
32768	54452
33659	54452
34550	54450
35441	54448
36332	54445
37223	54440
38114	54435
39005	54429
39896	54422
40787	54414
41678	54405
42569	54395
43459	54384
44350	54372
45241	54360
46131	54346
47022	54331
47912	54316
48803	54299
49693	54282
50584	54263
51474	54244
52364	54224
53254	54203
54144	54181
55034	54158
55924	54134
56813	54109
57703	54083
58593	54057
59482	54029
60371	54001
61260	53971
4213	54818
5104	54849
5996	54878
6887	54907
7778	54935
8670	54962
9561	54988
10453	55013
11345	55037
12237	55060
13129	55082
14021	55103
14913	55123
15805	55142
16697	55160
17590	55177
18482	55194
19375	55209
20267	55223
21160	55236
22053	55249
22946	55260
23838	55270
24731	55280
25624	55288
26517	55295
27410	55302
28303	55307
29196	55312
30089	55315
30982	55318
31875	55319
32768	55320
33661	55319
34554	55318
35447	55315
36340	55312
37233	55307
38126	55302
39019	55295
39912	55288
40805	55280
41698	55270
42590	55260
43483	55249
44376	55236
45269	55223
46161	55209
47054	55194
47946	55177
48839	55160
49731	55142
50623	55123
51515	55103
52407	55082
53299	55060
54191	55037
55083	55013
55975	54988
56866	54962
57758	54935
58649	54907
59540	54878
60432	54849
61323	54818
4149	55665
5041	55697
5935	55727
6828	55757
7721	55786
8614	55814
9508	55841
10402	55867
11295	55892
12189	55916
13083	55939
13977	55961
14872	55982
15766	56002
16660	56021
17555	56039
18449	56056
19344	56072
20238	56086
21133	56100
22028	56113
22923	56125
23818	56136
24712	56145
25607	56154
26502	56162
27397	56168
28292	56174
29188	56179
30083	56182
30978	56185
31873	56186
32768	56187
33663	56186
34558	56185
35453	56182
36348	56179
37244	56174
38139	56168
39034	56162
39929	56154
40824	56145
41718	56136
42613	56125
43508	56113
44403	56100
45298	56086
46192	56072
47087	56056
47981	56039
48876	56021
49770	56002
50664	55982
51559	55961
52453	55939
53347	55916
54241	55892
55134	55867
56028	55841
56922	55814
57815	55786
58708	55757
59601	55727
60495	55697
61387	55665
4081	56511
4976	56544
5871	56576
6766	56608
7661	56638
8557	56667
9452	56695
10348	56722
11244	56748
12140	56773
13036	56797
13932	56819
14828	56841
15725	56862
16621	56882
17518	56900
18414	56918
19311	56934
20208	56950
21105	56964
22002	56977
22899	56990
23796	57001
24693	57011
25590	57020
26487	57028
27384	57035
28282	57041
29179	57046
30076	57050
30973	57052
31871	57054
32768	57054
33665	57054
34563	57052
35460	57050
36357	57046
37254	57041
38152	57035
39049	57028
39946	57020
40843	57011
41740	57001
42637	56990
43534	56977
44431	56964
45328	56950
46225	56934
47122	56918
48018	56900
48915	56882
49811	56862
50708	56841
51604	56819
52500	56797
53396	56773
54292	56748
55188	56722
56084	56695
56979	56667
57875	56638
58770	56608
59665	56576
60560	56544
61455	56511
4010	57357
4907	57392
5804	57425
6702	57458
7599	57489
8497	57519
9394	57548
10292	57576
11190	57603
12088	57629
12987	57654
13885	57678
14784	57700
15682	57722
16581	57742
17480	57762
18378	57780
19277	57797
20176	57813
21075	57828
21975	57842
22874	57855
23773	57866
24672	57877
25572	57886
26471	57895
27371	57902
28270	57908
29170	57913
30069	57917
30969	57920
31868	57921
32768	57922
33668	57921
34567	57920
35467	57917
36366	57913
37266	57908
38165	57902
39065	57895
39964	57886
40864	57877
41763	57866
42662	57855
43561	57842
44461	57828
45360	57813
46259	57797
47158	57780
48056	57762
48955	57742
49854	57722
50752	57700
51651	57678
52549	57654
53448	57629
54346	57603
55244	57576
56142	57548
57039	57519
57937	57489
58834	57458
59732	57425
60629	57392
61526	57357
3937	58204
4836	58239
5735	58274
6635	58308
7534	58340
8434	58371
9334	58402
10234	58431
11135	58459
12035	58485
12935	58511
13836	58536
14737	58559
15638	58582
16539	58603
17440	58623
18341	58642
19242	58660
20143	58676
21045	58692
21946	58706
22848	58719
23749	58732
24651	58742
25553	58752
26455	58761
27357	58768
28258	58775
29160	58780
30062	58784
30964	58787
31866	58789
32768	58789
33670	58789
34572	58787
35474	58784
36376	58780
37278	58775
38179	58768
39081	58761
39983	58752
40885	58742
41787	58732
42688	58719
43590	58706
44491	58692
45393	58676
46294	58660
47195	58642
48096	58623
48997	58603
49898	58582
50799	58559
51700	58536
52601	58511
53501	58485
54401	58459
55302	58431
56202	58402
57102	58371
58002	58340
58901	58308
59801	58274
60700	58239
61599	58204
3860	59050
4762	59087
5663	59123
6565	59157
7467	59191
8369	59223
9271	59255
10174	59285
11076	59314
11979	59342
12882	59368
13785	59394
14688	59418
15591	59441
16495	59463
17398	59484
18302	59504
19205	59522
20109	59540
21013	59556
21917	59571
22821	59584
23725	59597
24629	59608
25533	59618
26437	59627
27342	59635
28246	59642
29150	59647
30055	59651
30959	59654
31864	59656
32768	59656
33672	59656
34577	59654
35481	59651
36386	59647
37290	59642
38194	59635
39099	59627
40003	59618
40907	59608
41811	59597
42715	59584
43619	59571
44523	59556
45427	59540
46331	59522
47234	59504
48138	59484
49041	59463
49945	59441
50848	59418
51751	59394
52654	59368
53557	59342
54460	59314
55362	59285
56265	59255
57167	59223
58069	59191
58971	59157
59873	59123
60774	59087
61676	59050
3781	59895
4685	59934
5589	59971
6493	60007
7397	60042
8302	60075
9206	60108
10111	60139
11016	60169
11921	60198
12826	60225
13732	60252
14637	60277
15543	60301
16449	60324
17355	60345
18261	60366
19167	60385
20073	60403
20980	60419
21886	60435
22793	60449
23699	60462
24606	60474
25513	60484
26420	60494
27326	60502
28233	60508
29140	60514
30047	60518
30954	60521
31861	60523
32768	60524
33675	60523
34582	60521
35489	60518
36396	60514
37303	60508
38210	60502
39116	60494
40023	60484
40930	60474
41837	60462
42743	60449
43650	60435
44556	60419
45463	60403
46369	60385
47275	60366
48181	60345
49087	60324
49993	60301
50899	60277
51804	60252
52710	60225
53615	60198
54520	60169
55425	60139
56330	60108
57234	60075
58139	60042
59043	60007
59947	59971
60851	59934
61755	59895
